Sensor Model: NTC10K3950
Serial Number: 67676767
Data Format: 4
SetPoint Limit: 312
Temperature coefficient: 1
Number of Breakpoints: 50

No.	Units	Temperature (K)
1	3.74414	312.150
2	3.76178	311.150
3	3.77960	310.150
4	3.79748	309.150
5	3.81544	308.150
6	3.83347	307.150
7	3.85163	306.150
8	3.86982	305.150
9	3.88818	304.150
10	3.90655	303.150
11	3.92511	302.150
12	3.94369	301.150
13	3.96237	300.150
14	3.98114	299.150
15	4.00000	298.150
16	4.01912	297.150
17	4.03782	296.150
18	4.05729	295.150
19	4.07628	294.150
20	4.09587	293.150
21	4.11528	292.150
22	4.13450	291.150
23	4.15412	290.150
24	4.17406	289.150
25	4.19368	288.150
26	4.21352	287.150
27	4.23350	286.150
28	4.25358	285.150
29	4.27370	284.150
30	4.29403	283.150
31	4.31450	282.150
32	4.33486	281.150
33	4.35545	280.150
34	4.37603	279.150
35	4.39690	278.150
36	4.41764	277.150
37	4.43854	276.150
38	4.45969	275.150
39	4.48073	274.150
40	4.50202	273.150
41	4.52284	272.150
42	4.54370	271.150
43	4.56467	270.150
44	4.58580	269.150
45	4.60692	268.150
46	4.62818	267.150
47	4.64953	266.150
48	4.67108	265.150
49	4.69267	264.150
50	4.71450	263.150
