Sensor Model: NTC10K3950
Serial Number: 67676767
Data Format: 4
SetPoint Limit: 432.15
Temperature coefficient: 1
Number of Breakpoints: 200

No.   Units   Temperature (K)
1	277200.0	233.15
2	263600.0	234.15
3	250100.0	235.15
4	236800.0	236.15
5	224000.0	237.15
6	211500.0	238.15
7	199600.0	239.15
8	188100.0	240.15
9	177300.0	241.15
10	167000.0	242.15
11	157200.0	243.15
12	148100.0	244.15
13	139400.0	245.15
14	131300.0	246.15
15	123700.0	247.15
16	116600.0	248.15
17	110000.0	249.15
18	103700.0	250.15
19	97900.0	251.15
20	92500.0	252.15
21	87430.0	253.15
22	82790.0	254.15
23	78440.0	255.15
24	74360.0	256.15
25	70530.0	257.15
26	66920.0	258.15
27	63540.0	259.15
28	60340.0	260.15
29	57330.0	261.15
30	54500.0	262.15
31	51820.0	263.15
32	49280.0	264.15
33	46890.0	265.15
34	44620.0	266.15
35	42480.0	267.15
36	40450.0	268.15
37	38530.0	269.15
38	36700.0	270.15
39	34970.0	271.15
40	33330.0	272.15
41	31770.0	273.15
42	30250.0	274.15
43	28820.0	275.15
44	27450.0	276.15
45	26160.0	277.15
46	24940.0	278.15
47	23770.0	279.15
48	22670.0	280.15
49	21620.0	281.15
50	20630.0	282.15
51	19680.0	283.15
52	18780.0	284.15
53	17930.0	285.15
54	17120.0	286.15
55	16350.0	287.15
56	15620.0	288.15
57	14930.0	289.15
58	14260.0	290.15
59	13630.0	291.15
60	13040.0	292.15
61	12470.0	293.15
62	11920.0	294.15
63	11410.0	295.15
64	10910.0	296.15
65	10450.0	297.15
66	10000.0	298.15
67	9575.0	299.15
68	9170.0	300.15
69	8784.0	301.15
70	8416.0	302.15
71	8064.0	303.15
72	7730.0	304.15
73	7410.0	305.15
74	7106.0	306.15
75	6815.0	307.15
76	6538.0	308.15
77	6273.0	309.15
78	6020.0	310.15
79	5778.0	311.15
80	5548.0	312.15
81	5327.0	313.15
82	5117.0	314.15
83	4915.0	315.15
84	4723.0	316.15
85	4539.0	317.15
86	4363.0	318.15
87	4195.0	319.15
88	4034.0	320.15
89	3880.0	321.15
90	3733.0	322.15
91	3592.0	323.15
92	3457.0	324.15
93	3328.0	325.15
94	3204.0	326.15
95	3086.0	327.15
96	2972.0	328.15
97	2863.0	329.15
98	2759.0	330.15
99	2659.0	331.15
100	2564.0	332.15
101	2472.0	333.15
102	2384.0	334.15
103	2299.0	335.15
104	2218.0	336.15
105	2141.0	337.15
106	2066.0	338.15
107	1994.0	339.15
108	1926.0	340.15
109	1860.0	341.15
110	1796.0	342.15
111	1735.0	343.15
112	1677.0	344.15
113	1621.0	345.15
114	1567.0	346.15
115	1515.0	347.15
116	1465.0	348.15
117	1417.0	349.15
118	1371.0	350.15
119	1326.0	351.15
120	1284.0	352.15
121	1243.0	353.15
122	1203.0	354.15
123	1165.0	355.15
124	1128.0	356.15
125	1093.0	357.15
126	1059.0	358.15
127	1027.0	359.15
128	995.5	360.15
129	965.4	361.15
130	936.3	362.15
131	908.3	363.15
132	881.2	364.15
133	855.0	365.15
134	829.7	366.15
135	805.2	367.15
136	781.6	368.15
137	758.7	369.15
138	736.6	370.15
139	715.2	371.15
140	694.5	372.15
141	674.4	373.15
142	655.8	374.15
143	637.6	375.15
144	619.9	376.15
145	602.6	377.15
146	585.8	378.15
147	569.4	379.15
148	553.5	380.15
149	538.0	381.15
150	522.9	382.15
151	508.3	383.15
152	494.1	384.15
153	480.3	385.15
154	466.9	386.15
155	453.9	387.15
156	441.2	388.15
157	429.0	389.15
158	417.1	390.15
159	405.5	391.15
160	394.4	392.15
161	383.5	393.15
162	373.0	394.15
163	362.8	395.15
164	353.0	396.15
165	343.4	397.15
166	334.1	398.15
167	325.3	399.15
168	316.7	400.15
169	308.3	401.15
170	300.2	402.15
171	292.4	403.15
172	284.8	404.15
173	277.4	405.15
174	270.2	406.15
175	263.3	407.15
176	256.5	408.15
177	250.0	409.15
178	243.7	410.15
179	237.5	411.15
180	231.6	412.15
181	225.8	413.15
182	220.2	414.15
183	214.8	415.15
184	209.5	416.15
185	204.4	417.15
186	199.4	418.15
187	194.6	419.15
188	190.0	420.15
189	185.5	421.15
190	181.1	422.15
191	176.9	423.15
192	172.8	424.15
193	168.8	425.15
194	165.0	426.15
195	161.2	427.15
196	157.6	428.15
197	154.1	429.15
198	150.7	430.15
199	147.4	431.15
200	144.1	432.15